Temps d'execution de la recherche locale: 5.88s
Temps d'execution de l'elicitation incrementale: 134.49s
Nombre de questions: 8
Nombre de Pareto: 65
379 398 253 
323 231 333 
355 296 305 
358 278 300 
282 244 344 
295 243 351 
358 293 290 
361 275 285 
285 335 340 
312 337 309 
269 291 347 
327 308 323 
330 290 318 
354 310 292 
359 264 294 
308 412 310 
357 307 296 
313 323 322 
326 322 329 
353 324 298 
329 319 314 
356 321 283 
325 336 316 
385 338 249 
311 409 295 
382 341 264 
296 434 262 
251 381 328 
309 398 304 
312 380 299 
248 424 321 
233 449 288 
292 451 264 
381 370 260 
384 352 255 
352 396 284 
350 385 293 
353 367 288 
377 387 262 
353 382 278 
356 364 273 
383 366 242 
349 399 280 
354 353 282 
293 354 311 
334 424 247 
321 425 240 
337 421 232 
292 368 317 
335 414 279 
348 413 286 
380 384 247 
351 410 271 
365 409 214 
323 436 231 
336 435 238 
307 426 297 
236 446 273 
295 448 249 
263 456 196 
234 435 282 
293 437 258 
232 463 275 
200 471 222 
203 468 207 
